1.550 0.0116232727
1.548 0.010959086
1.546 0.0122874603
1.544 0.0119553665
1.542 0.0119553665
1.540 0.010959086
1.538 0.0119553665
1.536 0.0112911798
1.534 0.0126195541
1.533 0.010959086
1.531 0.0119553665
1.529 0.0122874603
1.527 0.0116232727
1.525 0.010959086
1.523 0.0119553665
1.521 0.0112911798
1.519 0.010959086
1.518 0.0102948993
1.516 0.0112911798
1.514 0.0119553665
1.512 0.0126195541
1.510 0.0119553665
1.508 0.0116232727
1.507 0.010959086
1.505 0.0116232727
1.503 0.0119553665
1.501 0.0106269922
1.499 0.0122874603
1.497 0.0106269922
1.496 0.0116232727
1.494 0.010959086
1.492 0.0116232727
1.490 0.0112911798
1.488 0.0116232727
1.487 0.0122874603
1.485 0.0126195541
1.483 0.0119553665
1.481 0.0119553665
1.480 0.0112911798
1.478 0.0116232727
1.476 0.0112911798
1.474 0.0119553665
1.473 0.0122874603
1.471 0.0116232727
1.469 0.0112911798
1.467 0.0106269922
1.466 0.0112911798
1.464 0.010959086
1.462 0.0122874603
1.460 0.010959086
1.459 0.0112911798
1.457 0.010959086
1.455 0.0119553665
1.454 0.0116232727
1.452 0.0122874603
1.450 0.0119553665
1.448 0.0126195541
1.447 0.0119553665
1.445 0.0122874603
1.443 0.010959086
1.442 0.0116232727
1.440 0.0122874603
1.438 0.010959086
1.437 0.0126195541
1.435 0.010959086
1.433 0.0122874603
1.432 0.0116232727
1.430 0.0129516469
1.428 0.010959086
1.427 0.0122874603
1.425 0.010959086
1.423 0.0106269922
1.422 0.010959086
1.420 0.0112911798
1.419 0.0116232727
1.417 0.0122874603
1.415 0.0112911798
1.414 0.0112911798
1.412 0.0116232727
1.411 0.0112911798
1.409 0.0116232727
1.407 0.010959086
1.406 0.010959086
1.404 0.0119553665
1.403 0.0116232727
1.401 0.0112911798
1.399 0.0112911798
1.398 0.010959086
1.396 0.0112911798
1.395 0.0116232727
1.393 0.0116232727
1.392 0.0119553665
1.390 0.0126195541
1.388 0.0119553665
1.387 0.0122874603
1.385 0.010959086
1.384 0.0116232727
1.382 0.0119553665
1.381 0.010959086
1.379 0.010959086
1.378 0.0119553665
1.376 0.010959086
1.375 0.0122874603
1.373 0.0122874603
1.372 0.0119553665
1.370 0.0116232727
1.368 0.010959086
1.367 0.0116232727
1.365 0.0122874603
1.364 0.0126195541
1.362 0.0122874603
1.361 0.0119553665
1.359 0.0119553665
1.358 0.0122874603
1.357 0.0112911798
1.355 0.0126195541
1.354 0.0112911798
1.352 0.0119553665
1.351 0.0122874603
1.349 0.0122874603
1.348 0.0112911798
1.346 0.0119553665
1.345 0.0126195541
1.343 0.0126195541
1.342 0.0122874603
1.340 0.0136158345
1.339 0.0126195541
1.337 0.0116232727
1.336 0.0112911798
1.335 0.0129516469
1.333 0.0119553665
1.332 0.0122874603
1.330 0.0122874603
1.329 0.0129516469
1.327 0.0116232727
1.326 0.0112911798
1.325 0.0119553665
1.323 0.0126195541
1.322 0.0122874603
1.320 0.0119553665
1.319 0.0129516469
1.318 0.0122874603
1.316 0.0132837407
1.315 0.0122874603
1.313 0.0129516469
1.312 0.0122874603
1.311 0.0132837407
1.309 0.0132837407
1.308 0.0119553665
1.306 0.0126195541
1.305 0.0132837407
1.304 0.0126195541
1.302 0.0142800212
1.301 0.0136158345
1.300 0.0132837407
1.298 0.0139479274
1.297 0.0136158345
1.296 0.0136158345
1.294 0.0139479274
1.293 0.0129516469
1.292 0.0132837407
1.290 0.0129516469
1.289 0.0139479274
1.287 0.0142800212
1.286 0.0136158345
1.285 0.0136158345
1.283 0.0132837407
1.282 0.0136158345
1.281 0.0142800212
1.280 0.0142800212
1.278 0.0149442079
1.277 0.0139479274
1.276 0.0139479274
1.274 0.0136158345
1.273 0.0142800212
1.272 0.014612115
1.270 0.0139479274
1.269 0.0149442079
1.268 0.014612115
1.266 0.0156083954
1.265 0.0149442079
1.264 0.016604675
1.263 0.0152763017
1.261 0.0156083954
1.260 0.0149442079
1.259 0.0162725821
1.257 0.0169367697
1.256 0.0159404892
1.255 0.0169367697
1.254 0.0179330502
1.252 0.0162725821
1.251 0.0179330502
1.250 0.0172688626
1.249 0.0179330502
1.247 0.018265143
1.246 0.018265143
1.245 0.0185972378
1.244 0.0199256111
1.242 0.018265143
1.241 0.0199256111
1.240 0.0185972378
1.239 0.0199256111
1.237 0.0199256111
1.236 0.0199256111
1.235 0.0195935182
1.234 0.020257704
1.232 0.020257704
1.231 0.0209218916
1.230 0.0199256111
1.229 0.0215860792
1.228 0.0212539844
1.226 0.0199256111
1.225 0.0209218916
1.224 0.021918172
1.223 0.0215860792
1.222 0.0215860792
1.220 0.021918172
1.219 0.0245749205
1.218 0.0232465453
1.217 0.0239107329
1.216 0.0239107329
1.214 0.0259032939
1.213 0.0252391081
1.212 0.025571201
1.211 0.0252391081
1.210 0.0259032939
1.208 0.0268995743
1.207 0.0262353886
1.206 0.0268995743
1.205 0.0275637619
1.204 0.0278958548
1.203 0.0295563228
1.201 0.0282279495
1.200 0.0288921352
1.199 0.0302205104
1.198 0.030884698
1.197 0.030884698
1.196 0.0318809785
1.194 0.0325451642
1.193 0.0325451642
1.192 0.0322130695
1.191 0.0325451642
1.190 0.032877259
1.189 0.0335414447
1.188 0.0345377252
1.186 0.0352019146
1.185 0.0365302861
1.184 0.0361981951
1.183 0.0371944755
1.182 0.0368623808
1.181 0.0388549417
1.180 0.038522847
1.179 0.0388549417
1.177 0.0395191275
1.176 0.0388549417
1.175 0.0405154079
1.174 0.0418437831
1.173 0.0418437831
1.172 0.0421758778
1.171 0.043836344
1.170 0.0445005298
1.169 0.0451647192
1.167 0.0451647192
1.166 0.0464930907
1.165 0.0471572801
1.164 0.0481535606
1.163 0.0488177463
1.162 0.0491498411
1.161 0.0498140268
1.160 0.0521386825
1.159 0.0518065877
1.158 0.0524707772
1.157 0.0541312434
1.156 0.0534670576
1.154 0.0547954291
1.153 0.05678799
1.152 0.0591126457
1.151 0.0577842705
1.150 0.0594447404
1.149 0.0607731119
1.148 0.0604410209
1.147 0.0617693961
1.146 0.0627656728
1.145 0.0660866126
1.144 0.0664186999
1.143 0.0667507946
1.142 0.0670828894
1.141 0.0707359165
1.140 0.0707359165
1.139 0.0730605721
1.137 0.0730605721
1.136 0.0743889511
1.135 0.0767135993
1.134 0.0767135993
1.133 0.0777098835
1.132 0.0787061602
1.131 0.0800345391
1.130 0.0816950053
1.129 0.0830233768
1.128 0.0846838504
1.127 0.0856801271
1.126 0.0873405933
1.125 0.0870084986
1.124 0.0873405933
1.123 0.0926540941
1.122 0.0933182761
1.121 0.0943145603
1.120 0.094646655
1.119 0.0976354927
1.118 0.0992959589
1.117 0.0996280536
1.116 0.100624338
1.115 0.102616899
1.114 0.102948993
1.113 0.105937831
1.112 0.106269926
1.111 0.106934115
1.110 0.108262487
1.109 0.110919237
1.108 0.113243893
1.107 0.113243893
1.106 0.114572264
1.105 0.116564825
1.104 0.119553663
1.103 0.118889481
1.102 0.120549947
1.101 0.122874603
1.100 0.124867164
1.099 0.125199258
1.098 0.12984857
1.097 0.131176934
1.096 0.133169502
1.095 0.135162055
1.094 0.135162055
1.093 0.138483003
1.092 0.141471833
1.091 0.142136022
1.090 0.143796489
1.090 0.146453246
1.089 0.148113713
1.088 0.149109989
1.087 0.151434645
1.086 0.152763024
1.085 0.15442349
1.084 0.157080233
1.083 0.159072801
1.082 0.161065355
1.081 0.163057923
1.080 0.166710943
1.079 0.16770722
1.078 0.169699788
1.077 0.172356531
1.076 0.176009566
1.075 0.177005842
1.074 0.178334221
1.073 0.180326775
1.073 0.184643999
1.072 0.185308188
1.071 0.187300742
1.070 0.190289587
1.069 0.191285864
1.068 0.193278432
1.067 0.195270985
1.066 0.19825983
1.065 0.200916573
1.064 0.200916573
1.063 0.207226351
1.062 0.208222643
1.062 0.210547283
1.061 0.213536128
1.060 0.226155683
1.059 0.21818544
1.058 0.217853352
1.057 0.230140805
1.056 0.22781615
1.055 0.224827304
1.054 0.229476616
1.053 0.231801271
1.053 0.234790117
1.052 0.234458029
1.051 0.235786393
1.050 0.238775238
1.049 0.242096171
1.048 0.244752929
1.047 0.247077584
1.046 0.24873805
1.045 0.249070138
1.045 0.247409672
1.044 0.251394778
1.043 0.250730604
1.042 0.255047828
1.041 0.254715741
1.040 0.25239107
1.039 0.259365052
1.038 0.26202178
1.038 0.25836876
1.037 0.250066429
1.036 0.24342455
1.035 0.233461738
1.034 0.220510095
1.033 0.206562161
1.032 0.189625397
1.031 0.165382579
1.031 0.142800212
1.030 0.122210413
1.029 0.0996280536
1.028 0.0853480324
1.027 0.0723963901
1.026 0.0601089261
1.026 0.0524707772
1.025 0.0461609997
1.024 0.0415116884
1.023 0.0371944755
1.022 0.0348698199
1.021 0.0315488838
1.020 0.0282279495
1.020 0.0272316691
1.019 0.0265674815
1.018 0.025571201
1.017 0.0242428277
1.016 0.0229144525
1.015 0.0229144525
1.015 0.0215860792
1.014 0.0209218916
1.013 0.0209218916
1.012 0.0205897987
1.011 0.0199256111
1.010 0.0199256111
1.010 0.0199256111
1.009 0.0192614235
1.008 0.0189293306
1.007 0.0195935182
1.006 0.0179330502
1.006 0.0185972378
1.005 0.0179330502
1.004 0.0179330502
1.003 0.0169367697
1.002 0.0172688626
1.002 0.0169367697
1.001 0.0169367697
1.000 0.018265143
0.999 0.0172688626
0.998 0.016604675
0.997 0.0152763017
0.997 0.016604675
0.996 0.0142800212
0.995 0.0156083954
0.994 0.0176009573
0.993 0.0156083954
0.993 0.0156083954
0.992 0.0139479274
0.991 0.0136158345
0.990 0.0139479274
0.990 0.0149442079
0.989 0.0136158345
0.988 0.0139479274
0.987 0.014612115
0.986 0.0139479274
0.986 0.0142800212
0.985 0.0136158345
0.984 0.0136158345
0.983 0.0139479274
0.982 0.0142800212
0.982 0.0132837407
0.981 0.0136158345
0.980 0.0136158345
0.979 0.0139479274
0.979 0.0139479274
0.978 0.0139479274
0.977 0.0149442079
0.976 0.0142800212
0.975 0.0139479274
0.975 0.0139479274
0.974 0.0136158345
0.973 0.0139479274
0.972 0.0129516469
0.972 0.0132837407
0.971 0.0132837407
0.970 0.0136158345
0.969 0.0132837407
0.969 0.0139479274
0.968 0.0132837407
0.967 0.014612115
0.966 0.0136158345
0.966 0.0122874603
0.965 0.0122874603
0.964 0.0136158345
0.963 0.0132837407
0.963 0.0122874603
0.962 0.0126195541
0.961 0.0126195541
0.960 0.0126195541
0.960 0.0129516469
0.959 0.0136158345
0.958 0.0136158345
0.957 0.0132837407
0.957 0.0136158345
0.956 0.0122874603
0.955 0.0126195541
0.954 0.0122874603
0.954 0.0132837407
0.953 0.0116232727
0.952 0.0126195541
0.952 0.0122874603
0.951 0.0126195541
0.950 0.0132837407
0.949 0.010959086
0.949 0.0122874603
0.948 0.0122874603
0.947 0.0129516469
0.946 0.0122874603
0.946 0.0126195541
0.945 0.0126195541
0.944 0.0122874603
0.944 0.0122874603
0.943 0.0132837407
0.942 0.0116232727
0.941 0.0122874603
0.941 0.0116232727
0.940 0.0119553665
0.939 0.0126195541
0.939 0.0116232727
0.938 0.0106269922
0.937 0.0119553665
0.936 0.0119553665
0.936 0.0112911798
0.935 0.0112911798
0.934 0.0106269922
0.934 0.0119553665
0.933 0.0126195541
0.932 0.010959086
0.932 0.0119553665
0.931 0.0112911798
0.930 0.0129516469
0.929 0.0119553665
0.929 0.0106269922
0.928 0.0112911798
0.927 0.0106269922
0.927 0.0106269922
0.926 0.0122874603
0.925 0.0119553665
0.925 0.0106269922
0.924 0.0119553665
0.923 0.0112911798
0.923 0.0116232727
0.922 0.0116232727
0.921 0.0119553665
0.920 0.0119553665
0.920 0.0116232727
0.919 0.0122874603
0.918 0.0112911798
0.918 0.0112911798
0.917 0.0119553665
0.916 0.010959086
0.916 0.0112911798
0.915 0.0112911798
0.914 0.010959086
0.914 0.0112911798
0.913 0.0116232727
0.912 0.010959086
0.912 0.0112911798
0.911 0.0106269922
0.910 0.0126195541
0.910 0.010959086
0.909 0.0122874603
0.908 0.0126195541
0.908 0.0116232727
0.907 0.0122874603
0.906 0.0112911798
0.906 0.010959086
0.905 0.0119553665
0.904 0.0116232727
0.904 0.0112911798
0.903 0.0112911798
0.902 0.0119553665
0.902 0.010959086
0.901 0.0116232727
0.900 0.0112911798
0.900 0.0116232727
0.899 0.0126195541
0.898 0.0116232727
0.898 0.0116232727
0.897 0.0106269922
0.896 0.0102948993
0.896 0.0122874603
0.895 0.0112911798
0.895 0.0112911798
0.894 0.0119553665
0.893 0.0112911798
0.893 0.0112911798
0.892 0.0112911798
0.891 0.0122874603
0.891 0.0116232727
0.890 0.0116232727
0.889 0.010959086
0.889 0.0122874603
0.888 0.0106269922
0.888 0.0129516469
0.887 0.0119553665
0.886 0.0112911798
0.886 0.0116232727

